// Data in this file:
    elapsed time: time passed since the begining of run
    Improvement: Improvement achieved in objective function from initial solution
    Best Tour: Best tour achieved
    Convergence points: Objective function value obtained after each iteration

=== New run ===
Elapsed time: 0.0261 seconds
 
--- Results for 500 iterations, tabu list of 2 ---
Initial random solution cost: 555.00
Final optimized solution cost: 350.00
Improvement: 36.94%

Best tour (position -> city):
Position 1: City 13
Position 2: City 12
Position 3: City 1
Position 4: City 6
Position 5: City 4
Position 6: City 2
Position 7: City 10
Position 8: City 3
Position 9: City 9
Position 10: City 14
Position 11: City 11
Position 12: City 15
Position 13: City 8
Position 14: City 7
Position 15: City 5

Convergence points: [555.0, 503.0, 491.0, 534.0, 523.0, 521.0, 450.0, 427.0, 427.0, 415.0, 380.0, 404.0, 433.0, 413.0, 427.0, 419.0, 465.0, 513.0, 468.0, 447.0, 409.0, 386.0, 429.0, 386.0, 363.0, 380.0, 408.0, 408.0, 425.0, 429.0, 415.0, 416.0, 416.0, 383.0, 371.0, 392.0, 395.0, 393.0, 392.0, 411.0, 412.0, 385.0, 385.0, 407.0, 414.0, 433.0, 425.0, 406.0, 399.0, 418.0, 399.0, 411.0, 437.0, 393.0, 422.0, 430.0, 427.0, 398.0, 416.0, 419.0, 411.0, 418.0, 443.0, 436.0, 458.0, 465.0, 441.0, 419.0, 402.0, 410.0, 402.0, 386.0, 394.0, 409.0, 416.0, 409.0, 400.0, 408.0, 408.0, 415.0, 423.0, 406.0, 423.0, 459.0, 489.0, 447.0, 433.0, 447.0, 441.0, 465.0, 446.0, 441.0, 392.0, 413.0, 424.0, 417.0, 412.0, 431.0, 434.0, 443.0, 424.0, 415.0, 412.0, 414.0, 426.0, 453.0, 470.0, 465.0, 432.0, 408.0, 421.0, 418.0, 428.0, 438.0, 429.0, 441.0, 408.0, 438.0, 452.0, 451.0, 458.0, 450.0, 419.0, 466.0, 466.0, 415.0, 404.0, 418.0, 416.0, 415.0, 436.0, 402.0, 416.0, 411.0, 413.0, 391.0, 392.0, 404.0, 415.0, 427.0, 428.0, 432.0, 402.0, 417.0, 377.0, 428.0, 387.0, 413.0, 414.0, 414.0, 421.0, 421.0, 411.0, 403.0, 411.0, 419.0, 403.0, 395.0, 383.0, 383.0, 430.0, 395.0, 420.0, 412.0, 409.0, 381.0, 421.0, 421.0, 425.0, 424.0, 446.0, 404.0, 412.0, 393.0, 393.0, 385.0, 381.0, 416.0, 396.0, 395.0, 403.0, 404.0, 383.0, 364.0, 379.0, 387.0, 421.0, 379.0, 387.0, 380.0, 407.0, 406.0, 390.0, 368.0, 375.0, 402.0, 416.0, 435.0, 428.0, 432.0, 438.0, 465.0, 454.0, 445.0, 422.0, 430.0, 398.0, 404.0, 414.0, 407.0, 397.0, 428.0, 421.0, 428.0, 422.0, 403.0, 410.0, 410.0, 403.0, 426.0, 450.0, 438.0, 446.0, 446.0, 445.0, 465.0, 486.0, 457.0, 465.0, 445.0, 414.0, 428.0, 383.0, 375.0, 376.0, 397.0, 421.0, 398.0, 384.0, 377.0, 389.0, 367.0, 367.0, 394.0, 370.0, 402.0, 425.0, 412.0, 389.0, 401.0, 426.0, 411.0, 401.0, 407.0, 405.0, 402.0, 433.0, 427.0, 420.0, 388.0, 376.0, 394.0, 385.0, 399.0, 394.0, 394.0, 402.0, 449.0, 447.0, 451.0, 423.0, 398.0, 398.0, 426.0, 402.0, 427.0, 427.0, 455.0, 432.0, 423.0, 425.0, 424.0, 406.0, 453.0, 444.0, 453.0, 440.0, 443.0, 412.0, 413.0, 413.0, 377.0, 398.0, 392.0, 397.0, 404.0, 440.0, 405.0, 377.0, 410.0, 395.0, 387.0, 377.0, 384.0, 412.0, 405.0, 424.0, 434.0, 397.0, 419.0, 426.0, 405.0, 392.0, 413.0, 403.0, 418.0, 424.0, 448.0, 426.0, 376.0, 395.0, 414.0, 395.0, 395.0, 418.0, 448.0, 470.0, 434.0, 434.0, 452.0, 450.0, 439.0, 472.0, 477.0, 458.0, 458.0, 441.0, 428.0, 399.0, 430.0, 379.0, 410.0, 388.0, 394.0, 369.0, 399.0, 391.0, 416.0, 432.0, 446.0, 446.0, 434.0, 435.0, 423.0, 393.0, 418.0, 411.0, 380.0, 411.0, 411.0, 350.0, 385.0, 387.0, 399.0, 388.0, 392.0, 405.0, 451.0, 424.0, 386.0, 388.0, 388.0, 395.0, 414.0, 431.0, 450.0, 453.0, 453.0, 456.0, 433.0, 439.0, 458.0, 446.0, 444.0, 433.0, 445.0, 456.0, 444.0, 416.0, 405.0, 426.0, 435.0, 435.0, 412.0, 448.0, 436.0, 434.0, 429.0, 446.0, 459.0, 442.0, 425.0, 388.0, 399.0, 405.0, 412.0, 394.0, 384.0, 376.0, 407.0, 417.0, 454.0, 478.0, 448.0, 439.0, 452.0, 430.0, 430.0, 448.0, 477.0, 435.0, 466.0, 433.0, 443.0, 432.0, 401.0, 409.0, 415.0, 450.0, 453.0, 405.0, 435.0, 492.0, 512.0, 461.0, 461.0, 440.0, 402.0, 406.0, 423.0, 431.0, 464.0, 456.0, 435.0, 402.0, 431.0, 427.0, 459.0, 430.0, 437.0, 417.0, 405.0, 397.0, 405.0, 398.0, 391.0, 393.0, 380.0, 428.0, 427.0, 408.0, 407.0, 419.0, 423.0, 432.0, 460.0, 462.0, 431.0, 432.0, 461.0, 484.0, 455.0, 447.0, 449.0, 428.0, 427.0, 436.0, 460.0, 470.0, 443.0, 463.0, 477.0, 481.0, 468.0, 486.0, 459.0, 441.0, 417.0, 425.0, 421.0, 443.0, 408.0, 388.0, 380.0, 412.0, 431.0, 443.0, 415.0, 415.0, 415.0, 412.0]

=== New run ===
Elapsed time: 0.0276 seconds

--- Results for 500 iterations, tabu list of 2 ---
Initial random solution cost: 732.00
Final optimized solution cost: 350.00
Improvement: 52.19%

Best tour (position -> city):
Position 1: City 15
Position 2: City 11
Position 3: City 14
Position 4: City 9
Position 5: City 3
Position 6: City 10
Position 7: City 2
Position 8: City 4
Position 9: City 6
Position 10: City 1
Position 11: City 12
Position 12: City 13
Position 13: City 5
Position 14: City 7
Position 15: City 8

Convergence points: [732.0, 686.0, 599.0, 569.0, 521.0, 501.0, 525.0, 515.0, 503.0, 502.0, 464.0, 461.0, 462.0, 461.0, 462.0, 441.0, 437.0, 423.0, 442.0, 414.0, 417.0, 416.0, 394.0, 397.0, 418.0, 412.0, 413.0, 356.0, 368.0, 382.0, 384.0, 384.0, 350.0, 356.0, 356.0, 362.0, 378.0, 394.0, 386.0, 394.0, 427.0, 427.0, 382.0, 374.0, 380.0, 365.0, 410.0, 396.0, 390.0, 394.0, 385.0, 428.0, 417.0, 375.0, 406.0, 396.0, 394.0, 435.0, 423.0, 382.0, 413.0, 419.0, 402.0, 407.0, 421.0, 443.0, 449.0, 455.0, 483.0, 462.0, 419.0, 384.0, 377.0, 377.0, 370.0, 371.0, 366.0, 365.0, 396.0, 396.0, 402.0, 413.0, 399.0, 399.0, 389.0, 376.0, 401.0, 408.0, 439.0, 435.0, 404.0, 414.0, 441.0, 437.0, 437.0, 445.0, 455.0, 412.0, 419.0, 405.0, 396.0, 396.0, 392.0, 379.0, 388.0, 412.0, 399.0, 416.0, 448.0, 440.0, 423.0, 421.0, 383.0, 402.0, 379.0, 391.0, 367.0, 371.0, 389.0, 410.0, 371.0, 367.0, 396.0, 395.0, 400.0, 402.0, 393.0, 393.0, 415.0, 404.0, 390.0, 387.0, 406.0, 408.0, 396.0, 377.0, 365.0, 370.0, 375.0, 385.0, 390.0, 394.0, 422.0, 426.0, 384.0, 403.0, 399.0, 404.0, 386.0, 381.0, 412.0, 413.0, 408.0, 431.0, 431.0, 400.0, 404.0, 404.0, 412.0, 420.0, 390.0, 402.0, 409.0, 397.0, 393.0, 393.0, 384.0, 419.0, 422.0, 407.0, 407.0, 415.0, 427.0, 432.0, 459.0, 475.0, 461.0, 460.0, 490.0, 470.0, 425.0, 424.0, 401.0, 415.0, 415.0, 435.0, 449.0, 450.0, 453.0, 429.0, 416.0, 449.0, 424.0, 424.0, 452.0, 445.0, 409.0, 418.0, 445.0, 442.0, 449.0, 463.0, 455.0, 446.0, 456.0, 465.0, 492.0, 460.0, 464.0, 477.0, 466.0, 435.0, 459.0, 471.0, 427.0, 431.0, 435.0, 447.0, 426.0, 440.0, 463.0, 478.0, 414.0, 418.0, 429.0, 451.0, 436.0, 422.0, 455.0, 448.0, 426.0, 445.0, 436.0, 404.0, 397.0, 434.0, 436.0, 454.0, 462.0, 462.0, 492.0, 477.0, 473.0, 475.0, 466.0, 476.0, 452.0, 472.0, 477.0, 461.0, 446.0, 463.0, 435.0, 447.0, 489.0, 490.0, 442.0, 475.0, 481.0, 473.0, 514.0, 518.0, 475.0, 444.0, 393.0, 393.0, 389.0, 420.0, 417.0, 456.0, 454.0, 444.0, 424.0, 441.0, 424.0, 473.0, 452.0, 451.0, 430.0, 428.0, 425.0, 446.0, 444.0, 425.0, 380.0, 392.0, 407.0, 410.0, 379.0, 376.0, 386.0, 394.0, 408.0, 408.0, 395.0, 389.0, 387.0, 406.0, 422.0, 414.0, 394.0, 393.0, 399.0, 424.0, 389.0, 405.0, 412.0, 418.0, 426.0, 423.0, 390.0, 389.0, 397.0, 388.0, 378.0, 378.0, 389.0, 389.0, 381.0, 414.0, 402.0, 382.0, 419.0, 402.0, 409.0, 429.0, 409.0, 417.0, 406.0, 388.0, 399.0, 399.0, 384.0, 385.0, 372.0, 384.0, 403.0, 412.0, 431.0, 438.0, 435.0, 428.0, 422.0, 412.0, 439.0, 415.0, 387.0, 387.0, 414.0, 397.0, 428.0, 408.0, 435.0, 424.0, 409.0, 438.0, 414.0, 386.0, 403.0, 399.0, 440.0, 438.0, 472.0, 458.0, 454.0, 468.0, 439.0, 461.0, 480.0, 465.0, 474.0, 465.0, 464.0, 424.0, 425.0, 448.0, 431.0, 429.0, 413.0, 390.0, 391.0, 406.0, 406.0, 389.0, 419.0, 454.0, 505.0, 412.0, 417.0, 428.0, 405.0, 433.0, 433.0, 418.0, 464.0, 458.0, 465.0, 426.0, 382.0, 398.0, 397.0, 403.0, 407.0, 403.0, 404.0, 414.0, 407.0, 407.0, 407.0, 407.0, 408.0, 383.0, 390.0, 418.0, 414.0, 424.0, 451.0, 417.0, 425.0, 412.0, 412.0, 425.0, 401.0, 412.0, 412.0, 411.0, 434.0, 439.0, 462.0, 432.0, 401.0, 417.0, 440.0, 463.0, 441.0, 419.0, 397.0, 428.0, 449.0, 428.0, 407.0, 420.0, 389.0, 387.0, 436.0, 432.0, 431.0, 423.0, 417.0, 420.0, 417.0, 414.0, 436.0, 406.0, 429.0, 448.0, 446.0, 463.0, 453.0, 499.0, 454.0, 425.0, 461.0, 410.0, 418.0, 419.0, 429.0, 415.0, 384.0, 388.0, 412.0, 398.0, 387.0, 405.0, 401.0, 432.0, 443.0, 438.0, 457.0, 416.0, 427.0, 446.0, 439.0, 459.0, 428.0, 428.0, 416.0, 471.0, 430.0, 388.0, 412.0, 414.0, 410.0, 385.0, 405.0, 450.0, 444.0, 485.0, 462.0, 451.0, 440.0]

=== New run ===
Elapsed time: 0.0271 seconds

--- Results for 500 iterations, tabu list of 2 ---
Initial random solution cost: 718.00
Final optimized solution cost: 371.00
Improvement: 48.33%

Best tour (position -> city):
Position 1: City 13
Position 2: City 12
Position 3: City 10
Position 4: City 2
Position 5: City 9
Position 6: City 11
Position 7: City 14
Position 8: City 7
Position 9: City 8
Position 10: City 15
Position 11: City 4
Position 12: City 6
Position 13: City 3
Position 14: City 1
Position 15: City 5
 
Convergence points: [718.0, 701.0, 651.0, 617.0, 581.0, 541.0, 522.0, 515.0, 470.0, 470.0, 456.0, 400.0, 384.0, 380.0, 437.0, 446.0, 435.0, 385.0, 404.0, 422.0, 448.0, 423.0, 428.0, 416.0, 408.0, 400.0, 404.0, 400.0, 396.0, 404.0, 431.0, 432.0, 438.0, 429.0, 441.0, 463.0, 439.0, 436.0, 442.0, 460.0, 459.0, 432.0, 418.0, 432.0, 409.0, 444.0, 454.0, 478.0, 458.0, 443.0, 420.0, 428.0, 442.0, 406.0, 392.0, 389.0, 372.0, 384.0, 392.0, 417.0, 426.0, 411.0, 438.0, 430.0, 422.0, 394.0, 409.0, 416.0, 400.0, 407.0, 425.0, 380.0, 415.0, 395.0, 380.0, 380.0, 425.0, 444.0, 464.0, 436.0, 436.0, 434.0, 440.0, 416.0, 416.0, 416.0, 437.0, 457.0, 426.0, 423.0, 438.0, 447.0, 417.0, 400.0, 421.0, 465.0, 465.0, 440.0, 435.0, 456.0, 480.0, 478.0, 495.0, 466.0, 490.0, 444.0, 441.0, 457.0, 445.0, 447.0, 462.0, 443.0, 404.0, 416.0, 435.0, 433.0, 421.0, 425.0, 415.0, 402.0, 433.0, 415.0, 395.0, 405.0, 431.0, 433.0, 473.0, 471.0, 470.0, 446.0, 445.0, 452.0, 377.0, 380.0, 393.0, 391.0, 395.0, 377.0, 402.0, 396.0, 384.0, 394.0, 420.0, 410.0, 422.0, 413.0, 410.0, 432.0, 430.0, 460.0, 438.0, 441.0, 453.0, 441.0, 442.0, 447.0, 451.0, 470.0, 464.0, 425.0, 407.0, 403.0, 403.0, 402.0, 371.0, 388.0, 396.0, 408.0, 456.0, 456.0, 408.0, 431.0, 440.0, 472.0, 447.0, 455.0, 436.0, 392.0, 416.0, 446.0, 448.0, 453.0, 455.0, 468.0, 432.0, 437.0, 468.0, 437.0, 446.0, 434.0, 453.0, 430.0, 422.0, 428.0, 449.0, 449.0, 416.0, 389.0, 434.0, 441.0, 402.0, 395.0, 407.0, 422.0, 433.0, 436.0, 433.0, 398.0, 425.0, 418.0, 457.0, 447.0, 484.0, 472.0, 490.0, 456.0, 444.0, 437.0, 425.0, 396.0, 403.0, 372.0, 389.0, 372.0, 425.0, 452.0, 452.0, 417.0, 392.0, 417.0, 448.0, 418.0, 451.0, 464.0, 458.0, 482.0, 462.0, 490.0, 492.0, 470.0, 488.0, 460.0, 447.0, 458.0, 486.0, 444.0, 460.0, 445.0, 466.0, 466.0, 450.0, 418.0, 421.0, 410.0, 400.0, 428.0, 418.0, 429.0, 416.0, 432.0, 421.0, 413.0, 409.0, 418.0, 433.0, 422.0, 415.0, 416.0, 443.0, 443.0, 416.0, 428.0, 459.0, 454.0, 465.0, 434.0, 414.0, 416.0, 416.0, 424.0, 449.0, 452.0, 448.0, 427.0, 429.0, 437.0, 477.0, 469.0, 477.0, 472.0, 473.0, 434.0, 427.0, 426.0, 422.0, 405.0, 388.0, 392.0, 403.0, 381.0, 420.0, 420.0, 408.0, 402.0, 419.0, 418.0, 387.0, 399.0, 429.0, 452.0, 462.0, 432.0, 429.0, 423.0, 404.0, 437.0, 429.0, 432.0, 430.0, 452.0, 433.0, 454.0, 485.0, 482.0, 451.0, 451.0, 454.0, 453.0, 437.0, 461.0, 470.0, 421.0, 478.0, 453.0, 426.0, 422.0, 430.0, 458.0, 402.0, 416.0, 435.0, 450.0, 421.0, 390.0, 388.0, 397.0, 418.0, 425.0, 400.0, 442.0, 430.0, 409.0, 412.0, 401.0, 400.0, 410.0, 441.0, 441.0, 432.0, 427.0, 407.0, 406.0, 418.0, 472.0, 428.0, 402.0, 406.0, 433.0, 436.0, 406.0, 402.0, 404.0, 383.0, 405.0, 402.0, 401.0, 413.0, 436.0, 439.0, 408.0, 406.0, 420.0, 387.0, 410.0, 418.0, 418.0, 418.0, 430.0, 429.0, 394.0, 435.0, 465.0, 416.0, 421.0, 443.0, 439.0, 416.0, 451.0, 454.0, 455.0, 459.0, 432.0, 416.0, 454.0, 443.0, 467.0, 455.0, 477.0, 454.0, 466.0, 481.0, 482.0, 467.0, 479.0, 470.0, 448.0, 447.0, 447.0, 426.0, 426.0, 455.0, 448.0, 443.0, 438.0, 429.0, 449.0, 434.0, 413.0, 402.0, 430.0, 413.0, 406.0, 402.0, 413.0, 434.0, 432.0, 413.0, 408.0, 428.0, 454.0, 468.0, 457.0, 449.0, 449.0, 457.0, 484.0, 476.0, 468.0, 461.0, 402.0, 429.0, 422.0, 435.0, 403.0, 412.0, 427.0, 438.0, 434.0, 422.0, 438.0, 429.0, 421.0, 458.0, 451.0, 454.0, 438.0, 442.0, 436.0, 442.0, 430.0, 424.0, 436.0, 447.0, 434.0, 445.0, 424.0, 432.0, 438.0, 425.0, 410.0, 415.0, 429.0, 402.0, 386.0, 388.0, 392.0, 390.0, 405.0, 424.0, 419.0, 412.0, 435.0, 432.0, 411.0, 392.0, 384.0, 380.0, 391.0, 408.0, 388.0, 397.0]

=== New run ===
Elapsed time: 0.0105 seconds

--- Results for 200 iterations, tabu list of 3---
Initial random solution cost: 795.00
Final optimized solution cost: 375.00
Improvement: 52.83%

Best tour (position -> city):
Position 1: City 3
Position 2: City 9
Position 3: City 14
Position 4: City 11
Position 5: City 2
Position 6: City 6
Position 7: City 1
Position 8: City 12
Position 9: City 13
Position 10: City 4
Position 11: City 15
Position 12: City 8
Position 13: City 7
Position 14: City 5
Position 15: City 10

Convergence points: [795.0, 695.0, 642.0, 547.0, 465.0, 465.0, 513.0, 494.0, 494.0, 508.0, 481.0, 497.0, 478.0, 455.0, 477.0, 466.0, 431.0, 417.0, 468.0, 476.0, 449.0, 480.0, 425.0, 451.0, 456.0, 456.0, 488.0, 487.0, 459.0, 451.0, 444.0, 480.0, 462.0, 484.0, 476.0, 397.0, 408.0, 408.0, 415.0, 407.0, 407.0, 438.0, 398.0, 444.0, 430.0, 420.0, 442.0, 411.0, 405.0, 408.0, 442.0, 399.0, 425.0, 429.0, 444.0, 427.0, 411.0, 430.0, 437.0, 453.0, 443.0, 438.0, 459.0, 456.0, 452.0, 439.0, 428.0, 416.0, 431.0, 431.0, 437.0, 435.0, 447.0, 451.0, 451.0, 428.0, 428.0, 422.0, 442.0, 431.0, 449.0, 452.0, 452.0, 434.0, 462.0, 489.0, 455.0, 474.0, 485.0, 474.0, 389.0, 391.0, 381.0, 390.0, 389.0, 415.0, 433.0, 404.0, 424.0, 423.0, 422.0, 403.0, 422.0, 428.0, 408.0, 418.0, 441.0, 428.0, 435.0, 433.0, 422.0, 422.0, 433.0, 425.0, 449.0, 449.0, 454.0, 435.0, 411.0, 402.0, 416.0, 420.0, 424.0, 413.0, 413.0, 427.0, 435.0, 427.0, 419.0, 400.0, 392.0, 408.0, 447.0, 380.0, 410.0, 375.0, 381.0, 415.0, 400.0, 415.0, 405.0, 440.0, 432.0, 408.0, 407.0, 429.0, 437.0, 464.0, 427.0, 426.0, 440.0, 440.0, 432.0, 455.0, 476.0, 475.0, 471.0, 486.0, 486.0, 436.0, 434.0, 459.0, 459.0, 480.0, 472.0, 452.0, 449.0, 461.0, 458.0, 461.0, 461.0, 458.0, 465.0, 498.0, 498.0, 460.0, 477.0, 475.0, 433.0, 436.0, 463.0, 441.0, 425.0, 422.0, 424.0, 439.0, 436.0, 430.0, 427.0, 422.0, 420.0, 428.0, 433.0, 465.0, 467.0, 430.0, 446.0, 448.0, 463.0, 436.0, 447.0]

=== New run ===
Elapsed time: 0.0108 seconds

--- Results for 200 iterations, tabu list of 3---
Initial random solution cost: 843.00
Final optimized solution cost: 369.00
Improvement: 56.23%

Best tour (position -> city):
Position 1: City 4
Position 2: City 12
Position 3: City 13
Position 4: City 5
Position 5: City 7
Position 6: City 15
Position 7: City 8
Position 8: City 10
Position 9: City 2
Position 10: City 11
Position 11: City 14
Position 12: City 9
Position 13: City 3
Position 14: City 1
Position 15: City 6

Convergence points: [843.0, 718.0, 641.0, 543.0, 485.0, 457.0, 473.0, 479.0, 489.0, 477.0, 485.0, 467.0, 439.0, 439.0, 434.0, 431.0, 466.0, 455.0, 473.0, 493.0, 494.0, 481.0, 479.0, 469.0, 468.0, 503.0, 480.0, 450.0, 453.0, 463.0, 415.0, 419.0, 449.0, 442.0, 447.0, 455.0, 444.0, 436.0, 431.0, 421.0, 417.0, 385.0, 396.0, 405.0, 405.0, 432.0, 416.0, 447.0, 453.0, 427.0, 451.0, 463.0, 458.0, 478.0, 482.0, 483.0, 432.0, 456.0, 415.0, 406.0, 435.0, 466.0, 505.0, 475.0, 479.0, 463.0, 463.0, 461.0, 424.0, 456.0, 457.0, 408.0, 423.0, 434.0, 407.0, 423.0, 385.0, 405.0, 397.0, 405.0, 429.0, 399.0, 423.0, 404.0, 380.0, 399.0, 402.0, 385.0, 370.0, 388.0, 446.0, 438.0, 378.0, 369.0, 392.0, 393.0, 434.0, 450.0, 408.0, 407.0, 434.0, 434.0, 395.0, 432.0, 459.0, 485.0, 474.0, 468.0, 401.0, 397.0, 418.0, 409.0, 401.0, 391.0, 435.0, 429.0, 434.0, 488.0, 453.0, 463.0, 462.0, 462.0, 482.0, 505.0, 478.0, 455.0, 448.0, 451.0, 425.0, 413.0, 413.0, 402.0, 395.0, 394.0, 400.0, 400.0, 400.0, 430.0, 442.0, 441.0, 423.0, 411.0, 389.0, 387.0, 408.0, 411.0, 423.0, 463.0, 440.0, 449.0, 446.0, 445.0, 442.0, 453.0, 444.0, 440.0, 426.0, 418.0, 417.0, 419.0, 439.0, 439.0, 431.0, 436.0, 430.0, 444.0, 456.0, 437.0, 438.0, 435.0, 428.0, 417.0, 449.0, 460.0, 441.0, 444.0, 439.0, 420.0, 431.0, 433.0, 450.0, 481.0, 482.0, 460.0, 444.0, 443.0, 444.0, 400.0, 422.0, 445.0, 436.0, 425.0, 452.0, 415.0, 416.0, 419.0, 400.0, 413.0, 415.0, 445.0, 474.0]

=== New run ===
Elapsed time: 0.0106 seconds

--- Results for 200 iterations, tabu list of 3---
Initial random solution cost: 737.00
Final optimized solution cost: 349.00
Improvement: 52.65%

Best tour (position -> city):
Position 1: City 3
Position 2: City 9
Position 3: City 14
Position 4: City 11
Position 5: City 2
Position 6: City 10
Position 7: City 12
Position 8: City 13
Position 9: City 5
Position 10: City 7
Position 11: City 8
Position 12: City 15
Position 13: City 4
Position 14: City 6
Position 15: City 1

Convergence points: [737.0, 585.0, 574.0, 539.0, 500.0, 480.0, 474.0, 457.0, 437.0, 435.0, 410.0, 422.0, 459.0, 449.0, 459.0, 476.0, 446.0, 419.0, 415.0, 397.0, 422.0, 440.0, 444.0, 431.0, 439.0, 432.0, 436.0, 435.0, 435.0, 376.0, 376.0, 395.0, 424.0, 374.0, 386.0, 415.0, 414.0, 410.0, 414.0, 410.0, 433.0, 433.0, 476.0, 448.0, 461.0, 447.0, 439.0, 461.0, 484.0, 502.0, 461.0, 458.0, 462.0, 427.0, 432.0, 458.0, 440.0, 452.0, 427.0, 450.0, 447.0, 468.0, 417.0, 400.0, 385.0, 382.0, 396.0, 375.0, 384.0, 349.0, 374.0, 426.0, 401.0, 428.0, 447.0, 467.0, 440.0, 428.0, 401.0, 410.0, 381.0, 398.0, 405.0, 405.0, 389.0, 406.0, 429.0, 412.0, 420.0, 409.0, 440.0, 398.0, 422.0, 407.0, 406.0, 416.0, 447.0, 438.0, 408.0, 398.0, 424.0, 408.0, 411.0, 419.0, 438.0, 401.0, 428.0, 425.0, 428.0, 431.0, 435.0, 408.0, 407.0, 427.0, 425.0, 413.0, 451.0, 455.0, 431.0, 424.0, 409.0, 411.0, 419.0, 420.0, 426.0, 387.0, 385.0, 376.0, 410.0, 404.0, 381.0, 381.0, 416.0, 392.0, 413.0, 384.0, 384.0, 422.0, 438.0, 439.0, 452.0, 451.0, 420.0, 424.0, 406.0, 402.0, 425.0, 411.0, 409.0, 405.0, 382.0, 381.0, 387.0, 421.0, 440.0, 459.0, 485.0, 478.0, 447.0, 455.0, 446.0, 406.0, 390.0, 406.0, 418.0, 406.0, 395.0, 411.0, 421.0, 400.0, 414.0, 432.0, 407.0, 424.0, 459.0, 443.0, 405.0, 436.0, 428.0, 444.0, 458.0, 435.0, 421.0, 405.0, 408.0, 414.0, 415.0, 419.0, 424.0, 397.0, 428.0, 417.0, 415.0, 434.0, 414.0, 407.0, 395.0, 425.0, 446.0, 449.0, 445.0]

=== New run ===
Elapsed time: 0.0052 seconds

--- Results for 100 iterations, tabu list of 4---
Initial random solution cost: 721.00
Final optimized solution cost: 388.00
Improvement: 46.19%

Best tour (position -> city):
Position 1: City 4
Position 2: City 6
Position 3: City 9
Position 4: City 11
Position 5: City 14
Position 6: City 13
Position 7: City 5
Position 8: City 7
Position 9: City 8
Position 10: City 15
Position 11: City 2
Position 12: City 10
Position 13: City 3
Position 14: City 1
Position 15: City 12

Convergence points: [721.0, 616.0, 559.0, 535.0, 578.0, 579.0, 531.0, 496.0, 417.0, 454.0, 490.0, 476.0, 469.0, 488.0, 499.0, 477.0, 450.0, 415.0, 419.0, 411.0, 409.0, 388.0, 425.0, 428.0, 424.0, 410.0, 390.0, 409.0, 414.0, 395.0, 431.0, 426.0, 446.0, 434.0, 420.0, 425.0, 465.0, 474.0, 466.0, 455.0, 420.0, 439.0, 439.0, 420.0, 414.0, 421.0, 427.0, 446.0, 437.0, 418.0, 450.0, 409.0, 422.0, 412.0, 412.0, 445.0, 450.0, 431.0, 445.0, 447.0, 437.0, 454.0, 463.0, 446.0, 447.0, 447.0, 445.0, 437.0, 437.0, 447.0, 439.0, 439.0, 406.0, 454.0, 403.0, 402.0, 427.0, 416.0, 462.0, 455.0, 402.0, 402.0, 422.0, 426.0, 462.0, 437.0, 429.0, 417.0, 407.0, 456.0, 459.0, 445.0, 427.0, 422.0, 427.0, 415.0, 421.0, 446.0, 427.0, 423.0, 432.0]

=== New run ===
Elapsed time: 0.0052 seconds

--- Results for 100 iterations, tabu list of 4---
Initial random solution cost: 824.00
Final optimized solution cost: 383.00
Improvement: 53.52%

Best tour (position -> city):
Position 1: City 9
Position 2: City 3
Position 3: City 10
Position 4: City 1
Position 5: City 12
Position 6: City 6
Position 7: City 4
Position 8: City 13
Position 9: City 5
Position 10: City 7
Position 11: City 8
Position 12: City 15
Position 13: City 2
Position 14: City 11
Position 15: City 14

Convergence points: [824.0, 650.0, 506.0, 480.0, 477.0, 447.0, 464.0, 494.0, 447.0, 437.0, 423.0, 423.0, 423.0, 424.0, 437.0, 438.0, 456.0, 456.0, 442.0, 430.0, 430.0, 422.0, 450.0, 441.0, 457.0, 446.0, 410.0, 399.0, 407.0, 397.0, 399.0, 424.0, 397.0, 399.0, 408.0, 418.0, 399.0, 435.0, 473.0, 479.0, 494.0, 463.0, 471.0, 465.0, 478.0, 499.0, 502.0, 502.0, 486.0, 474.0, 434.0, 440.0, 424.0, 421.0, 465.0, 465.0, 468.0, 483.0, 470.0, 453.0, 472.0, 471.0, 452.0, 444.0, 459.0, 432.0, 432.0, 433.0, 444.0, 414.0, 445.0, 476.0, 476.0, 445.0, 414.0, 432.0, 429.0, 429.0, 426.0, 415.0, 404.0, 407.0, 401.0, 413.0, 401.0, 388.0, 403.0, 400.0, 393.0, 403.0, 427.0, 383.0, 386.0, 392.0, 395.0, 426.0, 420.0, 421.0, 421.0, 407.0, 401.0]

=== New run ===
Elapsed time: 0.0052 seconds

--- Results for 100 iterations, tabu list of 4---
Initial random solution cost: 804.00
Final optimized solution cost: 373.00
Improvement: 53.61%

Best tour (position -> city):
Position 1: City 1
Position 2: City 13
Position 3: City 12
Position 4: City 6
Position 5: City 4
Position 6: City 2
Position 7: City 10
Position 8: City 3
Position 9: City 9
Position 10: City 14
Position 11: City 11
Position 12: City 15
Position 13: City 8
Position 14: City 7
Position 15: City 5

Convergence points: [804.0, 656.0, 551.0, 502.0, 487.0, 493.0, 480.0, 512.0, 494.0, 447.0, 453.0, 458.0, 481.0, 483.0, 481.0, 476.0, 486.0, 490.0, 507.0, 480.0, 470.0, 461.0, 459.0, 454.0, 415.0, 408.0, 415.0, 409.0, 420.0, 422.0, 425.0, 440.0, 433.0, 434.0, 452.0, 451.0, 431.0, 450.0, 451.0, 428.0, 428.0, 411.0, 417.0, 394.0, 383.0, 388.0, 400.0, 399.0, 381.0, 419.0, 412.0, 398.0, 407.0, 405.0, 399.0, 380.0, 383.0, 383.0, 419.0, 450.0, 487.0, 450.0, 394.0, 415.0, 452.0, 435.0, 421.0, 421.0, 442.0, 430.0, 420.0, 411.0, 402.0, 412.0, 439.0, 441.0, 473.0, 426.0, 428.0, 419.0, 394.0, 429.0, 429.0, 441.0, 464.0, 443.0, 443.0, 442.0, 460.0, 455.0, 432.0, 436.0, 424.0, 401.0, 395.0, 410.0, 403.0, 413.0, 383.0, 373.0, 379.0]
